8754399998765678934569897649898767987432123986543213567997681024589763459854327895454567899979876567
9865989879854578923998789438789656795421013499854101278976542137678954598765456964323456789768995456
1979879965913569899878679626598947987532194987653232389898756398889865679876587953212457899656789345
0999767894301346798767568917467898998999989998754343499769877479996986789987678943103998988545999156
9875658789212457899653498902345789989987978999875454678956998567895397898998789653239899876839878997
2984545678923498987732497893459898679876867899986568789545459789954298967899898764349768995424456989
1973123789434589876521256789767986598765458998797678899632349895432109456789909865997659789312349979
9862012578955678965410345789979895439897346789698989998921234999543212367898919979876545689101298864
7653223467896799876321235899998754320989477897569099987892545898767323498987898998765435679232987743
8868434578987899965434345678959965439876568999432129876989656799875456999456997898765323578949896542
9876545699198978976745676789349878545987679998764598765679767899876567894359876987653214789898785621
5987676789019567898956897899956989787898989999975987654568978999987879945298765698775623456789654310
3298798993123458999498969999899996999929497899986798923589989998798989932129854349986737687899794322
2129899986548899992359356789798765678912345678997976534678999987689999893998743234598898788929876533
3348998997656789989467969899659978799323567789989998645689999874578999789897654345689949899434987545
5656987898767899878979899998743989976539678999978909897898979953489987656799765656792125989695997657
6879876789888989867999789897654599987898989999868912998997567892198986545698976768921014568989898798
8989865678999876548987678789765679099987899898756793569989998989987665434567897979432123459879789899
9498654569643987656996545678978789129876989654345679699879899878998543212367998989543456998767689998
4349865678954598987894323489989899298765678973216789989765679869898664323458999297677679877654568997
3239876789985699898965412345996998989874567892101234978954398756789775434567893139798899965433699976
4109987899876987679876103457895987879983459989235349867895987645678996755678921029929989954321788965
3298998965998976569954323568999876767892598768976798658999876535869899876989432198939767895434567893
4397899893219987698765454567897965656991698657997899545699965423456789987897543987898956789567789912
6976976789909998789896566788945694547789987645789999434589876534787895898998659876787645678998992101
9965865667897899890987989999896983234679876535678998545678987645678974799329969865486536789999543322
8754323458976899921298991556789975135798765323456987678789999876899753689919899986321017899987678433
9843212357894567893989632345899989245899986434567898989899876987976974567898798765432128989999989994
9954301348943656789876546786999895346953497565778949799998764398975965689998659986554534678998998789
9865412367892347998987697997899765456932987678899235678929865459989878789987643987866545799567897678
1996537569901456987898989998939876767891299899910123799219876567897999891987654598977656892456789567
0989987678912367896999878999212987978910123992391234942109998678986579910199799679198787891367993456
9878999899953567895698767898923498989521345679989349899298769999975437921988978989019898942478902567
8767899989879789934989656987994989995432656789778997678965459889876556899876567899999999543589323478
9657789875999892129878549876789879876543467898656789498976797679987987898765456789879987674696534567
9545678954569954298765432345689756997654578909947992347897987568899898949993234898968698985897647688
8434567893498765459986321235799842398767678919899743456999876456789789234989148897657569697898798799
7545798932349876578996410134999921269878789998789654567899765347898698949878956789543454598999899912
8786899543467987889987821235689543459989899886599995698998654236987567896967899898432123999898965301
9897999964878998999998642547898654567993998765457889789879764345897678985756789987645239899767993212
6989989895989979479899753457929865788901989654345679998769865456789799864347999897656798778456789323
4579876789998768366789876569019879899899876545234567899656976577892987643238998789978989563348995434
3398765678929854255899989678923989976789985432125678932987987698921098432159876567899765431237896545
2129654569919867134989999989434599965691096421034789321398999789993298541099965467909876210176989766
1019993457899773235678998996545699894989297533145895435459799899989987693989876378919986321245678997
2298789967899654547999997987699989792165987654256789945997689998878998989878987459998765432346799789
3987679899998765659531986798988777689014598765468899899886599987567899878767898567899878643456789678
9876545788999878967999994339876566579923459876979956789765498765468998764356789679932989987567994599
8765434567894989879878789212965452467894567988989245999854329878312349875457898789641094597679999689
9965325789912399989865678909854321378995678999297457898763219885101256988768949896532123498789878993
